5.973753401783561678e-02
7.920977979642182532e-02
9.868202557500804772e-02
1.181542713535942563e-01
1.376265171321804648e-01
1.570987629107666872e-01
1.765710086893528818e-01
1.960432544679390765e-01
2.155155002465253267e-01
2.349877460251115213e-01
2.544599918036977160e-01
2.739322375822839661e-01
2.934044833608701608e-01
3.128767291394563554e-01
3.323489749180426056e-01
3.518212206966288003e-01
3.712934664752149949e-01
3.907657122538011896e-01
4.102379580323874397e-01
4.297102038109736344e-01
4.491824495895598846e-01
4.686546953681460792e-01
4.881269411467322739e-01
5.075991869253184685e-01
5.270714327039047742e-01
5.465436784824908578e-01
5.660159242610771635e-01
5.854881700396632471e-01
6.049604158182495528e-01
6.244326615968358585e-01
6.439049073754219421e-01
6.633771531540082478e-01
6.828493989325943314e-01
7.023216447111806371e-01
7.217938904897667207e-01
7.412661362683530264e-01
7.607383820469393321e-01
7.802106278255254157e-01
7.996828736041117214e-01
8.191551193826978050e-01
8.386273651612841107e-01
8.580996109398703053e-01
8.775718567184565000e-01
8.970441024970428057e-01
9.165163482756288893e-01
9.359885940542151950e-01
9.554608398328012786e-01
9.749330856113875843e-01
9.944053313899738900e-01
1.013877577168559974e+00
1.033349822947146279e+00
1.052822068725732585e+00
1.072294314504318669e+00
1.091766560282904752e+00
1.111238806061491058e+00
1.130711051840077364e+00
1.150183297618663447e+00
1.169655543397249753e+00
1.189127789175835836e+00
1.208600034954422142e+00
1.228072280733008448e+00
1.247544526511594531e+00
1.267016772290180615e+00
1.286489018068766921e+00
1.305961263847353226e+00
1.325433509625939532e+00
1.344905755404525616e+00
1.364378001183111699e+00
1.383850246961698005e+00
1.403322492740284311e+00
1.422794738518870394e+00
1.442266984297456700e+00
1.461739230076042784e+00
1.481211475854629089e+00
1.500683721633215395e+00
1.520155967411801479e+00
1.539628213190387784e+00
1.559100458968973868e+00
1.578572704747560174e+00
1.598044950526146479e+00
1.617517196304732563e+00
1.636989442083318647e+00
1.656461687861904952e+00
1.675933933640491258e+00
1.695406179419077564e+00
1.714878425197663647e+00
1.734350670976249731e+00
1.753822916754836037e+00
1.773295162533422342e+00
1.792767408312008426e+00
1.812239654090594732e+00
1.831711899869180815e+00
1.851184145647767121e+00
1.870656391426353427e+00
1.890128637204939510e+00
1.909600882983525816e+00
1.929073128762111899e+00
1.948545374540698205e+00
1.968017620319284511e+00
1.987489866097870594e+00
