1.206554933469061210e-02
1.064313240747473237e-02
8.748091325528974810e-03
7.702864829491747230e-03
7.421108121864320763e-03
7.262051915945612161e-03
7.734676070675489123e-03
7.857376572384206989e-03
7.666509125281756494e-03
8.970770013815167199e-03
9.343415981967570505e-03
1.056587653602850292e-02
1.082036646549843634e-02
1.208827164982185717e-02
1.391060132334763326e-02
1.582836472042463416e-02
2.081364066021958864e-02
2.681687631789427678e-02
3.473787537264597103e-02
4.281793063331636867e-02
5.079346324438304555e-02
5.776466952664872923e-02
6.304988002617610554e-02
6.288627935723115070e-02
5.821911582927360995e-02
5.194321239002399476e-02
4.778502872100632431e-02
4.459481567657965634e-02
4.031847596887951773e-02
3.600578055696938840e-02
3.023431251363338859e-02
2.396295353741001791e-02
1.735530429724423812e-02
1.446048134952374054e-02
1.312440921980658794e-02
1.228822802297680448e-02
1.062495455536973700e-02
8.180033447247873901e-03
5.457900094524830575e-03
4.276339707700137736e-03
2.908456336799243678e-03
2.144986548389442131e-03
1.617828837344579282e-03
1.213371628008434516e-03
7.589253253835527048e-04
7.543808623573038628e-04
7.725587144622991223e-04
6.544026757798298817e-04
6.998473060423180845e-04
6.453137497273321978e-04
4.908020068348724384e-04
7.362030102523086034e-04
8.770813640660219453e-04
9.407038464335054076e-04
1.090671126299716433e-03
1.376972296953391959e-03
2.013197120628226582e-03
2.231331345888169695e-03
2.181342252599432867e-03
1.831418599578273770e-03
1.636006689449574650e-03
1.372427833927143117e-03
1.231549480113429884e-03
7.998254926197920656e-04
6.816694539373227167e-04
7.225696211735621859e-04
4.953464698611211720e-04
2.999345597324219975e-04
2.635788555224314786e-04
2.317676143386897475e-04
2.499454664436850070e-04
2.590343924961826367e-04
2.772122446011779503e-04
2.908456336799243678e-04
4.226350614411401342e-04
4.635352286773794950e-04
6.498582127535810398e-04
9.497927724860030915e-04
1.090671126299716433e-03
1.304260888533410922e-03
1.581473133134588763e-03
1.785973969315785568e-03
2.108630844179451829e-03
2.040463898785719633e-03
2.490365738384352386e-03
2.490365738384352386e-03
2.331309532465643784e-03
2.031374972733221949e-03
1.717807023922053372e-03
1.395150149058387327e-03
9.452483094597542495e-04
8.589035119610266859e-04
4.726241547298771248e-04
2.953900967061732098e-04
2.408565403911873772e-04
1.408783538137133690e-04
1.090671126299716379e-04
9.543372355122519335e-05
5.453355631498581896e-05
4.090016723623936761e-05
